la=-2.000000
pd=0.100000
0.000000 0.000000 0.000000 0.000000 0.000000 0.010212 0.016883 0.004783 0.008955 0.013234 0.018717 0.012751 